9264	80	1920	49	Martigny PF331-130	Martigny PF 331-130	VS	2		0	5637	6136	20120401	1	1				
8129	80	8068	00	Zürich	Zürich	ZH	1		0	7294	261	20040601	2	2				
249	10	1077	00	Servion	Servion	VD	2		0	240	5799	19960806	3	2				
250	20	1078	00	Essertes	Essertes	VD	2		0	240	5788	20021101	4	2				
487	10	1272	00	Genolier	Genolier	VD	2		0	7164	5718	19960806	5	2				
3060	10	5417	00	Untersiggenthal	Untersiggenthal	AG	1		1	8012	4044	19960806	6	2				
2611	20	4322	00	Mumpf	Mumpf	AG	1		1	2616	4255	20020401	7	2				
2613	10	4323	00	Wallbach	Wallbach	AG	1		1	2616	4261	19990922	8	2				
793	10	1616	00	Attalens	Attalens	FR	2		1	8038	2321	20101001	9	2				
1573	20	2842	00	Rossemaison	Rossemaison	JU	2		1	1554	6721	20120401	10	2				
1610	20	2905	00	Courtedoux	Courtedoux	JU	2		0	1605	6785	20120401	11	2				
1958	20	3323	00	Bäriswil BE	Bäriswil BE	BE	1		1	7328	403	20120401	12	2				
6216	20	6363	02	Bürgenstock	Bürgenstock	NW	1		1	7215	1510	20040601	13	2				
3438	10	6362	00	Stansstad	Stansstad	NW	1		1	7215	1510	19960806	14	2				
3439	20	6363	00	Obbürgen	Obbürgen	NW	1		1	7215	1510	20021101	15	2				
3440	20	6365	00	Kehrsiten	Kehrsiten	NW	1		1	7215	1510	20020701	16	2				
3655	20	6645	00	Brione s. Minusio	Brione sopra Minusio	TI	3		1	3621	5096	20120401	17	2				
3708	20	6721	00	Ludiano	Ludiano	TI	3		0	3703	5050	20030301	18	2				
3719	10	6713	00	Malvaglia	Malvaglia	TI	3		0	3703	5050	19960802	19	2				
3720	20	6714	00	Semione	Semione	TI	3		0	3703	5050	20030301	20	2				
3737	20	6760	03	Campello	Campello	TI	3		0	3734	5067	20120401	21	2				
1161	10	1914	00	Isérables	Isérables	VS	2		0	1155	6134	19960827	22	2				
6260	20	6363	01	Fürigen	Fürigen	NW	1		1	7215	1510	20030601	23	2				
3239	10	6025	00	Neudorf	Neudorf	LU	1		0	3353	1092	19951207	24	2				
7531	20	1914	02	Auddes-sur-Riddes	Auddes-sur-Riddes	VS	2		0	1155	6139	19990208	25	2				
348	80	1200	24	Genève 24	Genève 24	GE	2		0	348	6608	20050101	26	3				
2915	80	5000	03	Aarau 3	Aarau 3	AG	1		0	2915	4001	20040501	27	3				
9102	80	1001	50	Lausanne PF331-130	Lausanne PF 331-130	VD	2		0	130	5586	20100601	28	3				

